<?xml version="1.0" encoding="UTF-8" standalone="no" ?>
<SimscapeMultibodyImportXML version="2.0" xmlns="urn:mathworks:SimscapeMultibody:import" xmlns:xsi="http://www.w3.org/2001/XMLSchema-instance">
<Created by="" on="05/06/22||16:16:23" using="Simscape Multibody Link Version 7.4" from="SolidWorks 27.4.0"/>
<ModelUnits mass="kilogram" length="millimeter"/>
<DataUnits mass="kilogram" length="meter"/>
<RootAssembly name="2_wheel_legged_robot_FullAssembly" uid="2_wheel_legged_robot_FullAssembly" version="786">
<AssemblyFile name="2_wheel_legged_robot_FullAssembly.SLDASM" type="SolidWorks Assembly"/>
<InstanceTree>
<Instance name="Step_Right_motor_shaft1-2" uid="Step_Right_motor_shaft1-2" entityUid="Step_Right_motor_shaft1*:*Default">
<Transform>
<Rotation>0.77709776852542212 0.62937989970510611 0 -0.62937989970510611 0.77709776852542212 0 0 0 0.99999999999999978</Rotation>
<Translation>-0.11654425983907882 0.13196589038636308 0.074942304903667406</Translation>
</Transform>
</Instance>
<Instance name="M2dot5_Screw_withBolt-1" uid="M2dot5_Screw_withBolt-1" entityUid="M2dot5_Screw_withBolt*:*Default">
<Transform>
<Rotation>1 0 0 0 1 0 0 0 1</Rotation>
<Translation>-0.11025046084202721 0.13973686807161614 0.12094230490366487</Translation>
</Transform>
</Instance>
<Instance name="Right_shoulder_bone-1" uid="Right_shoulder_bone-1" entityUid="Right_shoulder_bone*:*Default">
<Transform>
<Rotation>-0.77696173233446897 0.6295478270058763 -4.7650877978543097e-16 -0.6295478270058763 -0.77696173233446897 0 -3.6729369354993523e-16 3.0360780733433242e-16 0.99999999999999989</Rotation>
<Translation>1.1091206910602348e-11 0.22639806443724433 0.097942304903667454</Translation>
</Transform>
</Instance>
<Instance name="Right_knee_bone-1" uid="Right_knee_bone-1" entityUid="Right_knee_bone*:*Default">
<Transform>
<Rotation>0.77709776852542267 0.62937989970510544 -4.0312492429867256e-16 -0.62937989970510544 0.77709776852542267 -2.3774798756267612e-16 1.636336745421906e-16 4.3847215503009234e-16 0.99999999999999978</Rotation>
<Translation>-0.11654425983907883 0.13196589038636308 0.13394230490366485</Translation>
</Transform>
</Instance>
<Instance name="M2dot5_Screw_withBolt-2" uid="M2dot5_Screw_withBolt-2" entityUid="M2dot5_Screw_withBolt*:*Default">
<Transform>
<Rotation>1 0 0 0 1 0 0 0 1</Rotation>
<Translation>-0.10877328215382404 0.12567209138931087 0.12094230490366485</Translation>
</Transform>
</Instance>
<Instance name="Step_Right_motor1-2" uid="Step_Right_motor1-2" entityUid="Step_Right_motor1*:*Default">
<Transform>
<Rotation>0.62954782700587708 0.77696173233446841 -4.7650877972553325e-16 -0.77696173233446841 0.62954782700587708 0 3.03607807127553e-16 3.6729369364038992e-16 0.99999999999999978</Rotation>
<Translation>-0.11654425983907911 0.13196589038636289 0.094942304903667396</Translation>
</Transform>
</Instance>
<Instance name="Right_joint_connect-1" uid="Right_joint_connect-1" entityUid="Right_joint_connect*:*Default">
<Transform>
<Rotation>0.77709776852542223 0.62937989970510599 -4.0312492429867774e-16 -0.62937989970510599 0.77709776852542223 -2.3774798756267868e-16 1.636336745421927e-16 4.3847215503009777e-16 0.99999999999999978</Rotation>
<Translation>-0.11654425983907882 0.13196589038636308 0.10094230490366486</Translation>
</Transform>
</Instance>
<Instance name="M2dot5_Screw_withBolt-3" uid="M2dot5_Screw_withBolt-3" entityUid="M2dot5_Screw_withBolt*:*Default">
<Transform>
<Rotation>1 0 0 0 1 0 0 0 1</Rotation>
<Translation>-0.12431523752433249 0.13825968938341296 0.12094230490366484</Translation>
</Transform>
</Instance>
<Instance name="M2dot5_Screw_DC-1" uid="M2dot5_Screw_DC-1" entityUid="M2dot5_Screw_DC*:*Default">
<Transform>
<Rotation>0.93081528560331539 -0.36548995073355767 0 0.36548995073355767 0.93081528560331539 0 0 0 1</Rotation>
<Translation>0.0047407546875234243 0.043387138694536781 0.12794230490366487</Translation>
</Transform>
</Instance>
<Instance name="M2dot5_Screw_DC-2" uid="M2dot5_Screw_DC-2" entityUid="M2dot5_Screw_DC*:*Default">
<Transform>
<Rotation>1 0 0 0 1 0 0 0 1</Rotation>
<Translation>-0.0046999438080531529 0.031730672166655427 0.12794230490366487</Translation>
</Transform>
</Instance>
<Instance name="M2dot5_Screw_withBolt-4" uid="M2dot5_Screw_withBolt-4" entityUid="M2dot5_Screw_withBolt*:*Default">
<Transform>
<Rotation>1 0 0 0 1 0 0 0 1</Rotation>
<Translation>-0.12283805883612932 0.12419491270110769 0.12094230490366487</Translation>
</Transform>
</Instance>
<Instance name="M3_shaft_screw-1" uid="M3_shaft_screw-1" entityUid="M3_shaft_screw*:*Default">
<Transform>
<Rotation>-0.39491288335615765 0.49006415162928824 0.77709776852542278 -0.48760044698249999 0.60508408171894423 -0.62937989970510511 -0.77864601627555508 -0.62746345020105188 -6.106226635438361e-16</Rotation>
<Translation>0.0010484091596858732 0.036726314083194864 0.15194230490366478</Translation>
</Transform>
</Instance>
<Instance name="Right_motor-1" uid="Right_motor-1" entityUid="Right_motor*:*Default">
<Transform>
<Rotation>0.62937989970510555 -0.77709776852542267 -4.0312492429867103e-16 0.77709776852542267 0.62937989970510555 -2.3774798756267558e-16 4.3847215503009101e-16 -1.6363367454218976e-16 1</Rotation>
<Translation>2.0405439734571745e-05 0.037558905430597263 0.13094230490366487</Translation>
</Transform>
</Instance>
<Instance name="Right_motor_shaft-1" uid="Right_motor_shaft-1" entityUid="Right_motor_shaft*:*Default">
<Transform>
<Rotation>-0.62937989970510522 0.77709776852542267 6.6133838742048046e-16 -0.77709776852542267 -0.62937989970510522 -1.8837696101682856e-16 2.6984577189806019e-16 -6.3248525793618093e-16 0.99999999999999978</Rotation>
<Translation>2.0405439735090367e-05 0.037558905430596111 0.11094230490366487</Translation>
</Transform>
</Instance>
<Instance name="Hex1-1" uid="Hex1-1" entityUid="Hex1*:*Default">
<Transform>
<Rotation>-0.62937989970510588 0.77709776852542223 1.0533672374431e-16 -0.77709776852542223 -0.62937989970510588 6.0659359924828301e-16 5.3767934900310337e-16 2.9992088569116146e-16 0.99999999999999978</Rotation>
<Translation>2.0405439735124238e-05 0.037558905430596083 0.13694230490366488</Translation>
</Transform>
</Instance>
<Instance name="Right_wheel-1" uid="Right_wheel-1" entityUid="Right_wheel*:*Default">
<Transform>
<Rotation>-0.35829645891372219 0.9336078660389957 0 0.9336078660389957 0.35829645891372219 -5.6251754599588716e-16 -4.8935727100566515e-16 -2.9486685076913373e-16 -0.99999999999999989</Rotation>
<Translation>2.0405439735128141e-05 0.037558905430596118 0.19394230490366487</Translation>
</Transform>
</Instance>
<Instance name="IMU_controller-1" uid="IMU_controller-1" entityUid="IMU_controller*:*Default">
<Transform>
<Rotation>2.6029485149292566e-15 -1.0000000000000002 -1.1731863720388324e-10 -1.208307315662218e-16 1.1731863720388324e-10 -1.0000000000000002 1 2.6029485151545253e-15 -1.2083073143269703e-16</Rotation>
<Translation>2.0828962656568348e-11 0.30939806443724444 -0.063557695096333605</Translation>
</Transform>
</Instance>
<Instance name="Battery_holder-2" uid="Battery_holder-2" entityUid="Battery_holder*:*Default">
<Transform>
<Rotation>-5.2389753163743103e-16 1.0000000000000002 1.1731863720388324e-10 -1.2357023882573983e-16 -1.1731863807124498e-10 1.0000000000000002 1 5.2684117738351422e-16 1.2394767735992135e-16</Rotation>
<Translation>0.022500000014024437 0.25139806443460389 0.0099423049036666475</Translation>
</Transform>
</Instance>
<Instance name="Battery_holder-3" uid="Battery_holder-3" entityUid="Battery_holder*:*Default">
<Transform>
<Rotation>5.2389753163743064e-16 -1 1.1731863720388319e-10 1.2357023882573975e-16 1.1731863720388319e-10 1 -1 -5.2389753141184758e-16 1.235702390581634e-16</Rotation>
<Translation>0.02250000001402493 0.25139806443460627 -0.08005769509633355</Translation>
</Transform>
</Instance>
<Instance name="M2dot5_Screw_withBolt_SHORT-6" uid="M2dot5_Screw_withBolt_SHORT-6" entityUid="M2dot5_Screw_withBolt_SHORT*:*Default">
<Transform>
<Rotation>0.99999058886864378 0.0043384529665790629 1.1731863682785148e-10 -1.1731753326285042e-10 -5.0885781960298878e-13 1 0.004338452966579062 -0.99999058886864378 1.2356954074453026e-16</Rotation>
<Translation>-0.0099999999864452075 0.24739806443841755 -0.10005769509633346</Translation>
</Transform>
</Instance>
<Instance name="Battery_holder-4" uid="Battery_holder-4" entityUid="Battery_holder*:*Default">
<Transform>
<Rotation>5.2389753163743064e-16 -1 1.1731863720388324e-10 1.2357023882573975e-16 1.1731863546915977e-10 1.0000000000000002 -1 -4.3840680811257844e-16 1.2384697684696909e-16</Rotation>
<Translation>-0.022499999985975256 0.25139806443988505 -0.08005769509633362</Translation>
</Transform>
</Instance>
<Instance name="M2dot5_Screw_withBolt-14" uid="M2dot5_Screw_withBolt-14" entityUid="M2dot5_Screw_withBolt*:*Default">
<Transform>
<Rotation>1 0 0 0 1 0 0 0 1</Rotation>
<Translation>-0.0077699794276937543 0.22010303310127474 -0.17105769509633367</Translation>
</Transform>
</Instance>
<Instance name="Battery_holder-1" uid="Battery_holder-1" entityUid="Battery_holder*:*Default">
<Transform>
<Rotation>-5.2389753163743103e-16 1.0000000000000002 1.1731863720388324e-10 -1.2357023882573983e-16 -1.1731863807124498e-10 1.0000000000000002 1 5.268411447320975e-16 1.2393262532752245e-16</Rotation>
<Translation>-0.022499999985975527 0.25139806443988322 0.0099423049036662901</Translation>
</Transform>
</Instance>
<Instance name="Arduino_block-1" uid="Arduino_block-1" entityUid="Arduino_block*:*Default">
<Transform>
<Rotation>-2.4949075228808027e-15 1.0000000000000002 -1.1731863807124493e-10 1.1967696682009097e-16 -1.1731863807124493e-10 -1.0000000000000002 -1 -2.4954012402270031e-15 -1.2121434201281896e-16</Rotation>
<Translation>2.1298309087456281e-11 0.31339806443724433 -0.019557695096333497</Translation>
</Transform>
</Instance>
<Instance name="Left_shoulder_joint_connect-2" uid="Left_shoulder_joint_connect-2" entityUid="Left_shoulder_joint_connect*:*Default">
<Transform>
<Rotation>0.77699794387862309 0.62950313359695997 -9.1800066907565086e-15 0.62950313359695997 -0.77699794387862309 1.5827542421719665e-16 -7.0332114479936982e-15 -5.9018226574555596e-15 -1</Rotation>
<Translation>1.1091093351352457e-11 0.22639806443724439 -0.13505769509633364</Translation>
</Transform>
</Instance>
<Instance name="M2dot5_Screw_withBolt_SHORT-8" uid="M2dot5_Screw_withBolt_SHORT-8" entityUid="M2dot5_Screw_withBolt_SHORT*:*Default">
<Transform>
<Rotation>0.99999058886864378 0.0043384529665790629 1.1731863682785148e-10 -1.1731753326285042e-10 -5.0885781960298878e-13 1 0.004338452966579062 -0.99999058886864378 1.2356954074453026e-16</Rotation>
<Translation>0.010000000013554798 0.24739806443607124 -0.10005769509633362</Translation>
</Transform>
</Instance>
<Instance name="M3_shaft_screw-8" uid="M3_shaft_screw-8" entityUid="M3_shaft_screw*:*Default">
<Transform>
<Rotation>0.77687982244231546 -0.013547920829794217 0.62950313368813837 -0.62940743489201834 0.010976166263127016 0.77699794380475307 -0.017436237686100163 -0.99984797725221908 -5.4749653533731897e-15</Rotation>
<Translation>-0.11571693720006909 0.13300046606195703 -0.18105769509633163</Translation>
</Transform>
</Instance>
<Instance name="M2dot5_Screw_Stepper-6" uid="M2dot5_Screw_Stepper-6" entityUid="M2dot5_Screw_Stepper*:*Default">
<Transform>
<Rotation>-0.92372802134706822 -0.38304900806323788 -6.7121998838820363e-15 -0.38304900806323777 0.92372802134706822 -1.1313923268915769e-16 6.2435849884789928e-15 2.4665916278945131e-15 -1</Rotation>
<Translation>-0.12127096507267933 0.13780007897678997 -0.16205769509633269</Translation>
</Transform>
</Instance>
<Instance name="M2dot5_Screw_withBolt_SHORT-5" uid="M2dot5_Screw_withBolt_SHORT-5" entityUid="M2dot5_Screw_withBolt_SHORT*:*Default">
<Transform>
<Rotation>0.99999058886864378 0.0043384529665790629 1.1731863682785148e-10 -1.1731753326285042e-10 -5.0885781960298878e-13 1 0.004338452966579062 -0.99999058886864378 1.2356954074453026e-16</Rotation>
<Translation>-0.0099999999864452075 0.24739806443841755 -0.12005769509633345</Translation>
</Transform>
</Instance>
<Instance name="M2dot5_Screw_withBolt-15" uid="M2dot5_Screw_withBolt-15" entityUid="M2dot5_Screw_withBolt*:*Default">
<Transform>
<Rotation>1 0 0 0 1 0 0 0 1</Rotation>
<Translation>0.0077699794498787113 0.23269309577321393 -0.17105769509633373</Translation>
</Transform>
</Instance>
<Instance name="M2dot5_Screw_withBolt-13" uid="M2dot5_Screw_withBolt-13" entityUid="M2dot5_Screw_withBolt*:*Default">
<Transform>
<Rotation>1 0 0 0 1 0 0 0 1</Rotation>
<Translation>0.0062950313470620765 0.21862808499845809 -0.17105769509633367</Translation>
</Transform>
</Instance>
<Instance name="M2dot5_Screw_withBolt-16" uid="M2dot5_Screw_withBolt-16" entityUid="M2dot5_Screw_withBolt*:*Default">
<Transform>
<Rotation>1 0 0 0 1 0 0 0 1</Rotation>
<Translation>-0.0062950313248771195 0.23416804387603057 -0.17105769509633373</Translation>
</Transform>
</Instance>
<Instance name="M2dot5_Screw_Stepper-5" uid="M2dot5_Screw_Stepper-5" entityUid="M2dot5_Screw_Stepper*:*Default">
<Transform>
<Rotation>-0.92372802134706822 -0.38304900806323788 -6.7121998838820363e-15 -0.38304900806323777 0.92372802134706822 -1.1313923268915769e-16 6.2435849884789928e-15 2.4665916278945131e-15 -1</Rotation>
<Translation>-0.11182841806872491 0.12614510981861063 -0.16205769509633278</Translation>
</Transform>
</Instance>
<Instance name="M2dot5_Screw_withBolt_SHORT-7" uid="M2dot5_Screw_withBolt_SHORT-7" entityUid="M2dot5_Screw_withBolt_SHORT*:*Default">
<Transform>
<Rotation>0.99999058886864378 0.0043384529665790629 1.1731863682785148e-10 -1.1731753326285042e-10 -5.0885781960298878e-13 1 0.004338452966579062 -0.99999058886864378 1.2356954074453026e-16</Rotation>
<Translation>0.010000000013554576 0.24739806443607124 -0.12005769509633356</Translation>
</Transform>
</Instance>
<Instance name="M3_shaft_screw-6" uid="M3_shaft_screw-6" entityUid="M3_shaft_screw*:*Default">
<Transform>
<Rotation>-0.7769839458985428 -0.0046639690756424138 0.62950313359696008 -0.62949179280462719 -0.0037786240893437325 -0.77699794387862309 0.0060025500870144752 -0.99998198453394793 -5.9018226574546319e-15</Rotation>
<Translation>0.00083275438160757616 0.22537019277288861 -0.14505769509633382</Translation>
</Transform>
</Instance>
<Instance name="M2dot5_Screw_Stepper-7" uid="M2dot5_Screw_Stepper-7" entityUid="M2dot5_Screw_Stepper*:*Default">
<Transform>
<Rotation>-0.92372802134706822 -0.38304900806323788 -6.6951396747868098e-15 -0.38304900806323777 0.92372802134706822 -1.2524035736731111e-16 6.2324613190921071e-15 2.4488785837682102e-15 -1</Rotation>
<Translation>0.0075000000110914105 0.22639806443636451 -0.12605769509633358</Translation>
</Transform>
</Instance>
<Instance name="M2dot5_Screw_Stepper-8" uid="M2dot5_Screw_Stepper-8" entityUid="M2dot5_Screw_Stepper*:*Default">
<Transform>
<Rotation>-0.92372802134706822 -0.38304900806323788 -6.6951396747868098e-15 -0.38304900806323777 0.92372802134706822 -1.2524035736731111e-16 6.2324613190921071e-15 2.4488785837682102e-15 -1</Rotation>
<Translation>-0.0074999999889085924 0.22639806443812427 -0.12605769509633352</Translation>
</Transform>
</Instance>
<Instance name="Head_control_power-1" uid="Head_control_power-1" entityUid="Head_control_power*:*Default">
<Transform>
<Rotation>-3.2165625409516517e-16 -0.99999999999999978 1.1731863720388316e-10 1.2357023892493571e-16 1.1731863720388316e-10 0.99999999999999978 -1 3.2165625432073837e-16 1.2357023905905257e-16</Rotation>
<Translation>1.4024505172952364e-11 0.25139806443724438 -0.035057695096333566</Translation>
</Transform>
</Instance>
<Instance name="Battery-1" uid="Battery-1" entityUid="Battery*:*Default">
<Transform>
<Rotation>-6.5818905611863624e-16 1.0000000000000002 -1.1731863720388324e-10 2.3932969927514834e-16 -1.1731863720388324e-10 -1.0000000000000002 -1 -6.5868824393908935e-16 -2.4094383866472825e-16</Rotation>
<Translation>1.8247932472370048e-11 0.28739806443724447 -0.0350576950963341</Translation>
</Transform>
</Instance>
<Instance name="M2dot5_Screw_withBolt-6" uid="M2dot5_Screw_withBolt-6" entityUid="M2dot5_Screw_withBolt*:*Default">
<Transform>
<Rotation>0.99999999986924581 -1.6171211847259886e-05 3.677613769070831e-16 1.6171211847282275e-05 0.99999999986924593 -9.3501595355149902e-16 -3.6949610038305991e-16 9.3848540050345264e-16 1.0000000000000002</Rotation>
<Translation>-0.10877971213265375 0.12567756306081893 -0.20705769509633334</Translation>
</Transform>
</Instance>
<Instance name="M2dot5_Screw_withBolt-7" uid="M2dot5_Screw_withBolt-7" entityUid="M2dot5_Screw_withBolt*:*Default">
<Transform>
<Rotation>0.99999999986924593 -1.6171211846950384e-05 3.7211347420492204e-16 1.6171211846950384e-05 0.99999999986924604 -9.4541827700515505e-16 -3.7209818559702522e-16 9.4542429440736026e-16 1</Rotation>
<Translation>-0.12431967100874858 0.13826762573458201 -0.20705769509633398</Translation>
</Transform>
</Instance>
<Instance name="M2dot5_Screw_DC-3" uid="M2dot5_Screw_DC-3" entityUid="M2dot5_Screw_DC*:*Default">
<Transform>
<Rotation>-0.92180615273069344 -0.38765115347156825 -3.1472043157663499e-16 -0.38765115347156825 0.92180615273069333 8.3116898179590697e-16 0 8.8817841970012523e-16 -0.99999999999999978</Rotation>
<Translation>0.0047212735026712178 0.043374608923013154 -0.19805769509633411</Translation>
</Transform>
</Instance>
<Instance name="M2dot5_Screw_DC-4" uid="M2dot5_Screw_DC-4" entityUid="M2dot5_Screw_DC*:*Default">
<Transform>
<Rotation>-0.92180615273069344 -0.38765115347156825 -3.1472043157663499e-16 -0.38765115347156825 0.92180615273069333 8.3116898179590697e-16 0 8.8817841970012523e-16 -0.99999999999999978</Rotation>
<Translation>-0.0047212735026510681 0.031719639765942047 -0.19805769509633347</Translation>
</Transform>
</Instance>
<Instance name="Left_joint_connect-1" uid="Left_joint_connect-1" entityUid="Left_joint_connect*:*Default">
<Transform>
<Rotation>-0.77699794380474618 0.62950313368814659 -6.6951396747868066e-15 0.62950313368814659 0.77699794380474618 -1.2524035736731283e-16 5.123270563367977e-15 -4.3119229059139052e-15 -0.99999999999999989</Rotation>
<Translation>-0.11654969157070333 0.13197259439769932 -0.1710576950963334</Translation>
</Transform>
</Instance>
<Instance name="M3_shaft_screw-2" uid="M3_shaft_screw-2" entityUid="M3_shaft_screw*:*Default">
<Transform>
<Rotation>0.98599414308748601 -0.16677328145717205 -0.0014907679836971249 0.001469890133962579 -0.00024862054479841885 0.99999888880479215 -0.16677346677504915 -0.98599523872067019 0</Rotation>
<Translation>-1.9721006653583533e-06 0.038869998530036809 -0.22205769509633336</Translation>
</Transform>
</Instance>
<Instance name="Coupling_shoulder_left-1" uid="Coupling_shoulder_left-1" entityUid="Coupling_shoulder_left*:*Default">
<Transform>
<Rotation>-1.0000000000000002 1.1731880807414557e-10 -9.0707085244532031e-15 1.1731880807414557e-10 1.0000000000000002 0 9.0707085246641035e-15 0 -1</Rotation>
<Translation>1.1091192698286535e-11 0.22639806443724436 -0.085057695096333527</Translation>
</Transform>
</Instance>
<Instance name="Step_Left_motor2-1" uid="Step_Left_motor2-1" entityUid="Step_Left_motor2*:*Default">
<Transform>
<Rotation>-1 1.173174888169423e-10 -7.8395107566928578e-15 1.173174888169423e-10 1 0 7.8395107569030087e-15 0 -1</Rotation>
<Translation>1.1090774169567633e-11 0.22639806443724436 -0.1310576950963335</Translation>
</Transform>
</Instance>
<Instance name="Step_Left_motor_shaft2-1" uid="Step_Left_motor_shaft2-1" entityUid="Step_Left_motor_shaft2*:*Default">
<Transform>
<Rotation>0.77699794387862309 0.62950313359695986 -9.1800066907565086e-15 0.62950313359695986 -0.77699794387862309 1.5827542421719581e-16 -7.0332114479936998e-15 -5.901822657455558e-15 -1</Rotation>
<Translation>1.1091261647264457e-11 0.22639806443724436 -0.11105769509633351</Translation>
</Transform>
</Instance>
<Instance name="M2dot5_Screw_withBolt-8" uid="M2dot5_Screw_withBolt-8" entityUid="M2dot5_Screw_withBolt*:*Default">
<Transform>
<Rotation>0.99999999986924581 -1.6171211847259886e-05 3.677613769070831e-16 1.6171211847282275e-05 0.99999999986924593 -9.3501595355149902e-16 -3.6949610038305991e-16 9.3848540050345264e-16 1.0000000000000002</Rotation>
<Translation>-0.12284472290758268 0.12420261495965305 -0.20705769509633334</Translation>
</Transform>
</Instance>
<Instance name="Left_shoulder_bone-1" uid="Left_shoulder_bone-1" entityUid="Left_shoulder_bone*:*Default">
<Transform>
<Rotation>-0.77699794387862275 0.62950313359696042 9.1970668998503175e-15 -0.62950313359696042 -0.77699794387862275 -1.7037654889735042e-16 7.0388494994755192e-15 -5.9219646615350346e-15 1</Rotation>
<Translation>1.1090793251208667e-11 0.22639806443724439 -0.16805769509633361</Translation>
</Transform>
</Instance>
<Instance name="M2dot5_Screw_withBolt-5" uid="M2dot5_Screw_withBolt-5" entityUid="M2dot5_Screw_withBolt*:*Default">
<Transform>
<Rotation>0.99999999986924581 -1.6171211847259886e-05 3.677613769070831e-16 1.6171211847282275e-05 0.99999999986924593 -9.3501595355149902e-16 -3.6949610038305991e-16 9.3848540050345264e-16 1.0000000000000002</Rotation>
<Translation>-0.11025466023381962 0.1397425738357479 -0.20705769509633332</Translation>
</Transform>
</Instance>
<Instance name="M2dot5_Screw_withBolt_SHORT-2" uid="M2dot5_Screw_withBolt_SHORT-2" entityUid="M2dot5_Screw_withBolt_SHORT*:*Default">
<Transform>
<Rotation>0.99999058886869918 0.0043384529538024602 -1.1731860263543045e-10 -1.1731749748934241e-10 -5.0922217766407609e-13 -0.99999999999999989 -0.0043384529538024611 0.99999058886869907 -2.4094179195039903e-16</Rotation>
<Translation>0.010000000014728424 0.25739806443607122 0.049942304903666294</Translation>
</Transform>
</Instance>
<Instance name="Step_Right_motor_shaft2-1" uid="Step_Right_motor_shaft2-1" entityUid="Step_Right_motor_shaft2*:*Default">
<Transform>
<Rotation>-0.7769617323344693 0.62954782700587597 4.3109534440677635e-16 -0.62954782700587597 -0.7769617323344693 2.8891774262829928e-16 5.1683212264670246e-16 0 1</Rotation>
<Translation>1.1091200520525439e-11 0.22639806443724433 0.040942304903666349</Translation>
</Transform>
</Instance>
<Instance name="M2dot5_Screw_withBolt-12" uid="M2dot5_Screw_withBolt-12" entityUid="M2dot5_Screw_withBolt*:*Default">
<Transform>
<Rotation>1 0 0 0 1 0 0 0 1</Rotation>
<Translation>-0.0077696173122525991 0.22010258616718459 0.08494230490366747</Translation>
</Transform>
</Instance>
<Instance name="Step_Left_motor_shaft1-1" uid="Step_Left_motor_shaft1-1" entityUid="Step_Left_motor_shaft1*:*Default">
<Transform>
<Rotation>-0.77699794380475273 0.62950313368813837 -8.9901581853066386e-15 0.62950313368813848 0.77699794380475273 2.3151598054803528e-16 7.1310744597165963e-15 -5.4794453091588317e-15 -1</Rotation>
<Translation>-0.1165496915707049 0.13197259439769812 -0.14505769509633254</Translation>
</Transform>
</Instance>
<Instance name="M2dot5_Screw_withBolt-9" uid="M2dot5_Screw_withBolt-9" entityUid="M2dot5_Screw_withBolt*:*Default">
<Transform>
<Rotation>1 0 0 0 1 0 0 0 1</Rotation>
<Translation>0.0077696173344367807 0.23269354270730214 0.08494230490366747</Translation>
</Transform>
</Instance>
<Instance name="Step_Left_motor1-1" uid="Step_Left_motor1-1" entityUid="Step_Left_motor1*:*Default">
<Transform>
<Rotation>-0.62950313359696164 0.77699794387862187 -9.1929575161051624e-15 0.77699794387862187 0.62950313359696164 1.5799321303882946e-16 5.9097559650898883e-15 -7.0434518654822387e-15 -1</Rotation>
<Translation>-0.11654969157070258 0.13197259439770034 -0.16505769509633259</Translation>
</Transform>
</Instance>
<Instance name="Right_shoulder_joint_connect-1" uid="Right_shoulder_joint_connect-1" entityUid="Right_shoulder_joint_connect*:*Default">
<Transform>
<Rotation>-0.7769617323344693 0.62954782700587597 -4.4991308231734447e-16 -0.62954782700587597 -0.7769617323344693 0 -3.4788281579702022e-16 2.8531819093169886e-16 0.99999999999999989</Rotation>
<Translation>1.1091215919365046e-11 0.22639806443724433 0.064942304903667467</Translation>
</Transform>
</Instance>
<Instance name="M2dot5_Screw_withBolt-11" uid="M2dot5_Screw_withBolt-11" entityUid="M2dot5_Screw_withBolt*:*Default">
<Transform>
<Rotation>1 0 0 0 1 0 0 0 1</Rotation>
<Translation>-0.0062954782589666729 0.23416768176058805 0.08494230490366747</Translation>
</Transform>
</Instance>
<Instance name="M2dot5_Screw_withBolt_SHORT-4" uid="M2dot5_Screw_withBolt_SHORT-4" entityUid="M2dot5_Screw_withBolt_SHORT*:*Default">
<Transform>
<Rotation>0.99999058886869918 0.0043384529538024602 -1.1731860263543045e-10 -1.1731749748934241e-10 -5.0922217766407609e-13 -0.99999999999999989 -0.0043384529538024611 0.99999058886869907 -2.4094179195039903e-16</Rotation>
<Translation>-0.0099999999852715821 0.25739806443841756 0.029942304903666329</Translation>
</Transform>
</Instance>
<Instance name="M2dot5_Screw_Stepper-4" uid="M2dot5_Screw_Stepper-4" entityUid="M2dot5_Screw_Stepper*:*Default">
<Transform>
<Rotation>1 0 0 0 1 0 0 0 1</Rotation>
<Translation>-0.0074999999889078942 0.2263980644381233 0.055942304903666501</Translation>
</Transform>
</Instance>
<Instance name="M2dot5_Screw_withBolt-10" uid="M2dot5_Screw_withBolt-10" entityUid="M2dot5_Screw_withBolt*:*Default">
<Transform>
<Rotation>1 0 0 0 1 0 0 0 1</Rotation>
<Translation>0.0062954782811508545 0.21862844711389867 0.08494230490366747</Translation>
</Transform>
</Instance>
<Instance name="M2dot5_Screw_withBolt_SHORT-3" uid="M2dot5_Screw_withBolt_SHORT-3" entityUid="M2dot5_Screw_withBolt_SHORT*:*Default">
<Transform>
<Rotation>0.99999058886869918 0.0043384529538024602 -1.1731860263543045e-10 -1.1731749748934241e-10 -5.0922217766407609e-13 -0.99999999999999989 -0.0043384529538024611 0.99999058886869907 -2.4094179195039903e-16</Rotation>
<Translation>-0.0099999999852715821 0.25739806443841756 0.049942304903666308</Translation>
</Transform>
</Instance>
<Instance name="Left_knee_bone-1" uid="Left_knee_bone-1" entityUid="Left_knee_bone*:*Default">
<Transform>
<Rotation>0.77699794380474674 0.62950313368814603 6.6941287673563701e-15 -0.62950313368814603 0.77699794380474674 1.2605936776547259e-16 -5.1219695207609881e-15 -4.3119229059138965e-15 1</Rotation>
<Translation>-0.11654969157070355 0.13197259439769932 -0.20405769509633337</Translation>
</Transform>
</Instance>
<Instance name="Step_Right_motor2-1" uid="Step_Right_motor2-1" entityUid="Step_Right_motor2*:*Default">
<Transform>
<Rotation>1 1.1731863720388319e-10 -3.9998871192480153e-16 -1.1731863720388319e-10 1 -1.2357023884027656e-16 3.9998871169921887e-16 1.235702390581633e-16 1</Rotation>
<Translation>1.109156093560957e-11 0.22639806443724445 0.060942304903666318</Translation>
</Transform>
</Instance>
<Instance name="M2dot5_Screw_Stepper-1" uid="M2dot5_Screw_Stepper-1" entityUid="M2dot5_Screw_Stepper*:*Default">
<Transform>
<Rotation>1 0 0 0 1 0 0 0 1</Rotation>
<Translation>-0.11182265113653417 0.12613867739385343 0.091942304903664882</Translation>
</Transform>
</Instance>
<Instance name="Left_motor-1" uid="Left_motor-1" entityUid="Left_motor*:*Default">
<Transform>
<Rotation>-0.62950313368814659 -0.77699794380474618 -6.6965050802474946e-15 -0.77699794380474618 0.62950313368814659 -1.3042801200413539e-16 4.3168132299161435e-15 5.1210658357530192e-15 -0.99999999999999989</Rotation>
<Translation>8.4684989179676415e-15 0.037547124344477427 -0.20105769509633412</Translation>
</Transform>
</Instance>
<Instance name="M3_shaft_screw-5" uid="M3_shaft_screw-5" entityUid="M3_shaft_screw*:*Default">
<Transform>
<Rotation>-0.77696173233446919 -2.1691421976277557e-12 0.62954782700587597 -0.62954782700587597 -1.7579554028617974e-12 -0.77696173233446919 2.7920574833935344e-12 -1 2.8531819093504827e-16</Rotation>
<Translation>0.00083281350543054601 0.22537024067625883 0.074942304903667517</Translation>
</Transform>
</Instance>
<Instance name="M2dot5_Screw_withBolt_SHORT-1" uid="M2dot5_Screw_withBolt_SHORT-1" entityUid="M2dot5_Screw_withBolt_SHORT*:*Default">
<Transform>
<Rotation>0.99999058886869918 0.0043384529538024602 -1.1731860263543045e-10 -1.1731749748934241e-10 -5.0922217766407609e-13 -0.99999999999999989 -0.0043384529538024611 0.99999058886869907 -2.4094179195039903e-16</Rotation>
<Translation>0.010000000014728424 0.25739806443607122 0.029942304903666363</Translation>
</Transform>
</Instance>
<Instance name="M2dot5_Screw_Stepper-2" uid="M2dot5_Screw_Stepper-2" entityUid="M2dot5_Screw_Stepper*:*Default">
<Transform>
<Rotation>1 0 0 0 1 0 0 0 1</Rotation>
<Translation>-0.12126586854162232 0.13779310337887046 0.091942304903664882</Translation>
</Transform>
</Instance>
<Instance name="Hex2-2" uid="Hex2-2" entityUid="Hex2*:*Default">
<Transform>
<Rotation>-0.99999888880479215 -0.0014907679836969562 -6.7142228437546757e-15 -0.0014907679836969562 0.99999888880479215 0 6.7142307556627577e-15 0 -1</Rotation>
<Translation>8.7106454906353175e-15 0.037547124344477475 -0.20705769509633354</Translation>
</Transform>
</Instance>
<Instance name="Left_wheel-1" uid="Left_wheel-1" entityUid="Left_wheel*:*Default">
<Transform>
<Rotation>0.9999988888047906 -0.0014907679847048934 6.8158349359376717e-15 0.0014907679847048934 0.9999988888047906 -1.6387647590887138e-16 -6.81558306041081e-15 1.7403712232164544e-16 1</Rotation>
<Translation>8.3285048824156454e-15 0.037547124344477482 -0.26405769509633353</Translation>
</Transform>
</Instance>
<Instance name="Left_motor_shaft-1" uid="Left_motor_shaft-1" entityUid="Left_motor_shaft*:*Default">
<Transform>
<Rotation>-0.99999888880479215 -0.0014907679836972602 -6.7204205194163853e-15 -0.0014907679836972602 0.99999888880479215 0 6.7204284382113026e-15 0 -1</Rotation>
<Translation>8.8842657296313048e-15 0.037547124344477371 -0.18105769509633415</Translation>
</Transform>
</Instance>
<Instance name="Coupling_shoulder_right-1" uid="Coupling_shoulder_right-1" entityUid="Coupling_shoulder_right*:*Default">
<Transform>
<Rotation>1 1.1731863720388319e-10 -3.9998871192480153e-16 -1.1731863720388319e-10 1 -1.2357023884027654e-16 3.9998871169921887e-16 1.2357023905816327e-16 1</Rotation>
<Translation>1.1091578856234983e-11 0.22639806443724445 0.014942304903666328</Translation>
</Transform>
</Instance>
<Instance name="M3_shaft_screw-7" uid="M3_shaft_screw-7" entityUid="M3_shaft_screw*:*Default">
<Transform>
<Rotation>0.72448199418845183 -0.28108145072899215 0.62937989970510599 -0.58676581417253915 0.22765091142195423 0.77709776852542223 -0.36170667593391365 -0.93229195029499146 4.3847215503009791e-16</Rotation>
<Translation>-0.11571166849167784 0.13299389410631401 0.1109423049036644</Translation>
</Transform>
</Instance>
<Instance name="M2dot5_Screw_Stepper-3" uid="M2dot5_Screw_Stepper-3" entityUid="M2dot5_Screw_Stepper*:*Default">
<Transform>
<Rotation>1 0 0 0 1 0 0 0 1</Rotation>
<Translation>0.0075000000110921053 0.22639806443636354 0.055942304903666501</Translation>
</Transform>
</Instance>
</InstanceTree>
<Constraints>
<Coincident name="Coincident1">
<ConstraintGeometry geomType="plane">
<InstancePath>
<Uid>Right_motor-1</Uid>
</InstancePath>
<Position>0 0 -0.020000000000000018</Position>
<Axis>0 0 1</Axis>
</ConstraintGeometry>
<ConstraintGeometry geomType="plane">
<InstancePath>
<Uid>Right_motor_shaft-1</Uid>
</InstancePath>
<Position>0 0 0</Position>
<Axis>0 0 -0.99999999999999978</Axis>
</ConstraintGeometry>
</Coincident>
<Concentric name="Concentric1">
<ConstraintGeometry geomType="cylinder">
<InstancePath>
<Uid>Right_motor-1</Uid>
</InstancePath>
<Position>0 0 -0.020000000000000018</Position>
<Axis>0 0 1</Axis>
</ConstraintGeometry>
<ConstraintGeometry geomType="cylinder">
<InstancePath>
<Uid>Right_motor_shaft-1</Uid>
</InstancePath>
<Position>0 0 0.049999999999999989</Position>
<Axis>0 0 -0.99999999999999978</Axis>
</ConstraintGeometry>
</Concentric>
<Coincident name="Coincident2">
<ConstraintGeometry geomType="plane">
<InstancePath>
<Uid>Right_knee_bone-1</Uid>
</InstancePath>
<Position>0 0 -0.0030000000000000027</Position>
<Axis>0 0 -0.99999999999999978</Axis>
</ConstraintGeometry>
<ConstraintGeometry geomType="plane">
<InstancePath>
<Uid>Right_motor-1</Uid>
</InstancePath>
<Position>0 0 0</Position>
<Axis>0 0 1</Axis>
</ConstraintGeometry>
</Coincident>
<Concentric name="Concentric2">
<ConstraintGeometry geomType="cylinder">
<InstancePath>
<Uid>Right_knee_bone-1</Uid>
</InstancePath>
<Position>0.15000000000000002 0.0075000000000000032 -0.0030000000000000027</Position>
<Axis>0 0 0.99999999999999978</Axis>
</ConstraintGeometry>
<ConstraintGeometry geomType="cylinder">
<InstancePath>
<Uid>Right_motor-1</Uid>
</InstancePath>
<Position>0.0075000000000000032 0 -0.0050000000000000044</Position>
<Axis>0 0 1</Axis>
</ConstraintGeometry>
</Concentric>
<Concentric name="Concentric3">
<ConstraintGeometry geomType="cylinder">
<InstancePath>
<Uid>Right_knee_bone-1</Uid>
</InstancePath>
<Position>0.15000000000000002 -0.0075000000000000032 -0.0030000000000000027</Position>
<Axis>0 0 0.99999999999999978</Axis>
</ConstraintGeometry>
<ConstraintGeometry geomType="cylinder">
<InstancePath>
<Uid>Right_motor-1</Uid>
</InstancePath>
<Position>-0.0074999999999999997 0 -0.0050000000000000044</Position>
<Axis>0 0 1</Axis>
</ConstraintGeometry>
</Concentric>
<Coincident name="Coincident7">
<ConstraintGeometry geomType="plane">
<InstancePath>
<Uid>Hex1-1</Uid>
</InstancePath>
<Position>-0.0059999999999982602 0.0034641016151407723 0.049999999999999989</Position>
<Axis>-1 5.038747197261273e-13 0</Axis>
</ConstraintGeometry>
<ConstraintGeometry geomType="plane">
<InstancePath>
<Uid>Right_wheel-1</Uid>
</InstancePath>
<Position>0.006000000000001747 0.0034641016151347355 0.026999999999999996</Position>
<Axis>-0.50000000000043587 -0.86602540378418724 0</Axis>
</ConstraintGeometry>
</Coincident>
<Coincident name="Coincident8">
<ConstraintGeometry geomType="plane">
<InstancePath>
<Uid>Hex1-1</Uid>
</InstancePath>
<Position>-0.0060000000000017505 -0.0034641016151347286 0.049999999999999989</Position>
<Axis>-0.50000000000043665 -0.86602540378418658 0</Axis>
</ConstraintGeometry>
<ConstraintGeometry geomType="plane">
<InstancePath>
<Uid>Right_wheel-1</Uid>
</InstancePath>
<Position>0.0059999999999982637 -0.0034641016151407793 0.026999999999999996</Position>
<Axis>-1 5.0365267512120226e-13 0</Axis>
</ConstraintGeometry>
</Coincident>
<Coincident name="Coincident9">
<ConstraintGeometry geomType="plane">
<InstancePath>
<Uid>Hex1-1</Uid>
</InstancePath>
<Position>0 0 0.029999999999999999</Position>
<Axis>0 0 -0.99999999999999978</Axis>
</ConstraintGeometry>
<ConstraintGeometry geomType="plane">
<InstancePath>
<Uid>Right_wheel-1</Uid>
</InstancePath>
<Position>0 0 0.026999999999999996</Position>
<Axis>0 0 0.99999999999999989</Axis>
</ConstraintGeometry>
</Coincident>
<Coincident name="Coincident10">
<ConstraintGeometry geomType="plane">
<InstancePath>
<Uid>Left_motor-1</Uid>
</InstancePath>
<Position>0 0 -0.01999999999999999</Position>
<Axis>0 0 0.99999999999999989</Axis>
</ConstraintGeometry>
<ConstraintGeometry geomType="plane">
<InstancePath>
<Uid>Left_motor_shaft-1</Uid>
</InstancePath>
<Position>0 0 0</Position>
<Axis>0 0 -1</Axis>
</ConstraintGeometry>
</Coincident>
<Concentric name="Concentric5">
<ConstraintGeometry geomType="cylinder">
<InstancePath>
<Uid>Left_motor-1</Uid>
</InstancePath>
<Position>0 0 -0.01999999999999999</Position>
<Axis>0 0 0.99999999999999989</Axis>
</ConstraintGeometry>
<ConstraintGeometry geomType="cylinder">
<InstancePath>
<Uid>Left_motor_shaft-1</Uid>
</InstancePath>
<Position>0 0 0.050000000000000017</Position>
<Axis>0 0 -1</Axis>
</ConstraintGeometry>
</Concentric>
<Coincident name="Coincident12">
<ConstraintGeometry geomType="plane">
<InstancePath>
<Uid>Left_knee_bone-1</Uid>
</InstancePath>
<Position>0 0 0.0030000000000000027</Position>
<Axis>0 0 1</Axis>
</ConstraintGeometry>
<ConstraintGeometry geomType="plane">
<InstancePath>
<Uid>Left_motor-1</Uid>
</InstancePath>
<Position>0 0 0</Position>
<Axis>0 0 0.99999999999999989</Axis>
</ConstraintGeometry>
</Coincident>
<Concentric name="Concentric8">
<ConstraintGeometry geomType="cylinder">
<InstancePath>
<Uid>Left_knee_bone-1</Uid>
</InstancePath>
<Position>0.15000000000000005 -0.0074999999999999928 -0.0029999999999999749</Position>
<Axis>0 0 1</Axis>
</ConstraintGeometry>
<ConstraintGeometry geomType="cylinder">
<InstancePath>
<Uid>Left_motor-1</Uid>
</InstancePath>
<Position>0.0074999999999999997 0 -0.0050000000000000044</Position>
<Axis>0 0 0.99999999999999989</Axis>
</ConstraintGeometry>
</Concentric>
<Concentric name="Concentric9">
<ConstraintGeometry geomType="cylinder">
<InstancePath>
<Uid>Left_knee_bone-1</Uid>
</InstancePath>
<Position>0.15000000000000002 0.0075000000000000067 -0.0030000000000000027</Position>
<Axis>0 0 1</Axis>
</ConstraintGeometry>
<ConstraintGeometry geomType="cylinder">
<InstancePath>
<Uid>Left_motor-1</Uid>
</InstancePath>
<Position>-0.0074999999999999963 0 -0.0050000000000000044</Position>
<Axis>0 0 0.99999999999999989</Axis>
</ConstraintGeometry>
</Concentric>
<Coincident name="Coincident13">
<ConstraintGeometry geomType="plane">
<InstancePath>
<Uid>Left_knee_bone-1</Uid>
</InstancePath>
<Position>0 0 -0.0030000000000000027</Position>
<Axis>0 0 -1</Axis>
</ConstraintGeometry>
<ConstraintGeometry geomType="plane">
<InstancePath>
<Uid>Hex2-2</Uid>
</InstancePath>
<Position>0 0 0</Position>
<Axis>0 0 -1</Axis>
</ConstraintGeometry>
</Coincident>
<Coincident name="Coincident14">
<ConstraintGeometry geomType="plane">
<InstancePath>
<Uid>Hex2-2</Uid>
</InstancePath>
<Position>0.005999999999998255 -0.0034641016151407758 0.049999999999999989</Position>
<Axis>1.0000000000000002 -5.0365115723816078e-13 0</Axis>
</ConstraintGeometry>
<ConstraintGeometry geomType="plane">
<InstancePath>
<Uid>Left_wheel-1</Uid>
</InstancePath>
<Position>-0.0059999999999982567 0.0034641016151407827 0.026999999999999996</Position>
<Axis>1.0000000000000002 -5.0365115723816078e-13 0</Axis>
</ConstraintGeometry>
</Coincident>
<Coincident name="Coincident15">
<ConstraintGeometry geomType="plane">
<InstancePath>
<Uid>Hex2-2</Uid>
</InstancePath>
<Position>0.0060000000000017444 0.003464101615134732 0.049999999999999989</Position>
<Axis>0.50000000000043587 0.86602540378418724 0</Axis>
</ConstraintGeometry>
<ConstraintGeometry geomType="plane">
<InstancePath>
<Uid>Left_wheel-1</Uid>
</InstancePath>
<Position>3.4914901373729601e-15 0.0069282032302755148 0.026999999999999996</Position>
<Axis>0.49999999999956352 -0.86602540378469095 0</Axis>
</ConstraintGeometry>
</Coincident>
<Coincident name="Coincident17">
<ConstraintGeometry geomType="plane">
<InstancePath>
<Uid>Hex2-2</Uid>
</InstancePath>
<Position>0 0 0.029999999999999999</Position>
<Axis>0 0 -1</Axis>
</ConstraintGeometry>
<ConstraintGeometry geomType="plane">
<InstancePath>
<Uid>Left_wheel-1</Uid>
</InstancePath>
<Position>0 0 0.026999999999999996</Position>
<Axis>0 0 1</Axis>
</ConstraintGeometry>
</Coincident>
<Coincident name="Coincident106">
<ConstraintGeometry geomType="plane">
<InstancePath>
<Uid>Right_motor_shaft-1</Uid>
</InstancePath>
<Position>-0.0015000000000000048 0.0013228756555322893 0.035000000000000003</Position>
<Axis>0 0.99999999999999989 0</Axis>
</ConstraintGeometry>
<ConstraintGeometry geomType="plane">
<InstancePath>
<Uid>M3_shaft_screw-1</Uid>
</InstancePath>
<Position>0 0 0</Position>
<Axis>0 0 -1</Axis>
</ConstraintGeometry>
</Coincident>
<Coincident name="Coincident108">
<ConstraintGeometry geomType="plane">
<InstancePath>
<Uid>Left_motor_shaft-1</Uid>
</InstancePath>
<Position>-0.0015 0.0013228756555322962 0.035000000000000003</Position>
<Axis>0 1.0000000000000002 0</Axis>
</ConstraintGeometry>
<ConstraintGeometry geomType="plane">
<InstancePath>
<Uid>M3_shaft_screw-2</Uid>
</InstancePath>
<Position>0 0 0</Position>
<Axis>0 0 -1.0000000000000002</Axis>
</ConstraintGeometry>
</Coincident>
<Coincident name="Coincident20">
<ConstraintGeometry geomType="plane">
<InstancePath>
<Uid>Step_Left_motor1-1</Uid>
</InstancePath>
<Position>0 0 -0.01999999999999999</Position>
<Axis>0 0 1</Axis>
</ConstraintGeometry>
<ConstraintGeometry geomType="plane">
<InstancePath>
